count <-
c(36L, 514L, 0L, 262L, 146L, 1990L, 332L, 0L, 63L, 746L, 0L, 
0L, 308L, 2656L, 1069L, 4239L, 933L, 512L, 2544L, 27L, 0L, 0L, 
0L, 80L, 402L, 30L, 0L, 19L, 0L, 287L, 0L, 0L, 241L, 195L, 0L, 
169L, 62L, 507L, 454L, 0L, 812L, 657L, 1287L, 3535L, 80L, 982L, 
953L, 529L, 0L, 389L, 1594L, 251L, 35L, 196L, 211L, 140L, 5974L, 
3438L, 3897L, 11866L, 1274L, 1636L, 501L, 1018L, 1342L, 4639L, 
358L, 586L, 266L, 1242L, 1133L, 526L, 51L, 0L, 0L, 266L, 0L, 
0L, 175L, 0L, 273L, 991L, 39L, 0L, 0L, 134L, 89L, 0L, 573L, 42L, 
0L, 0L, 0L, 33L, 0L, 0L, 76L, 49L, 0L, 0L, 265L, 810L, 0L, 27L, 
0L, 479L, 46L, 0L, 0L, 514L, 858L, 688L, 43L, 0L, 947L, 299L, 
0L, 0L, 20L, 0L, 0L, 0L, 0L, 32L, 27L, 0L, 0L, 0L, 24L, 0L, 51L, 
15L, 36L, 0L, 455L, 292L, 159L, 161L, 0L, 0L, 33L, 99L, 0L, 0L
)
ntot <-
c(12974L, 3421L, 621L, 30751L, 3421L, 30751L, 12974L, 621L, 3421L, 
30751L, 12974L, 621L, 621L, 12974L, 3421L, 30751L, 12974L, 3421L, 
30751L, 621L, 3421L, 621L, 30751L, 12974L, 30751L, 3421L, 621L, 
12974L, 3421L, 30751L, 621L, 12974L, 24204L, 12186L, 7675L, 25050L, 
9295L, 20094L, 65197L, 6283L, 25050L, 24204L, 20094L, 65197L, 
7675L, 6283L, 12186L, 9295L, 7675L, 25050L, 65197L, 24204L, 9295L, 
20094L, 12186L, 6283L, 20094L, 24204L, 25050L, 65197L, 12186L, 
9295L, 6283L, 7675L, 25050L, 65197L, 9295L, 12186L, 7675L, 24204L, 
20094L, 6283L, 25050L, 20094L, 9295L, 65197L, 7675L, 12186L, 
24204L, 6283L, 25050L, 20094L, 9295L, 7675L, 6283L, 65197L, 24204L, 
12186L, 20094L, 25050L, 65197L, 24204L, 9295L, 12186L, 7675L, 
6283L, 24081L, 13584L, 2425L, 2146L, 2146L, 13584L, 24081L, 2425L, 
24081L, 13584L, 2425L, 2146L, 24081L, 2146L, 13584L, 2425L, 2146L, 
24081L, 13584L, 2425L, 13584L, 24081L, 2425L, 2146L, 13584L, 
24081L, 2425L, 2146L, 2425L, 2146L, 13584L, 24081L, 1951L, 1162L, 
1162L, 1951L, 1162L, 1951L, 1162L, 1951L, 1162L, 1951L, 1162L, 
1951L, 1162L, 1951L, 1951L, 1162L)
pix <-
c(0.00611878878666667, 0.00611878878666667, 0.00611878878666667, 
0.00611878878666667, 0.0283766116666667, 0.0283766116666667, 
0.0283766116666667, 0.0283766116666667, 0.00871135033777778, 
0.00871135033777778, 0.00871135033777778, 0.00871135033777778, 
0.221899030955556, 0.221899030955556, 0.221899030955556, 0.221899030955556, 
0.0922433175111111, 0.0922433175111111, 0.0922433175111111, 0.0922433175111111, 
0.00311098164222222, 0.00311098164222222, 0.00311098164222222, 
0.00311098164222222, 0.435144345333333, 0.435144345333333, 0.435144345333333, 
0.435144345333333, 0.253851511555556, 0.253851511555556, 0.253851511555556, 
0.253851511555556, 0.00471489096222222, 0.00471489096222222, 
0.00471489096222222, 0.00471489096222222, 0.00471489096222222, 
0.00471489096222222, 0.00471489096222222, 0.00471489096222222, 
0.0307812215777778, 0.0307812215777778, 0.0307812215777778, 0.0307812215777778, 
0.0307812215777778, 0.0307812215777778, 0.0307812215777778, 0.0307812215777778, 
0.00953082065555555, 0.00953082065555555, 0.00953082065555555, 
0.00953082065555555, 0.00953082065555555, 0.00953082065555555, 
0.00953082065555555, 0.00953082065555555, 0.227529307777778, 
0.227529307777778, 0.227529307777778, 0.227529307777778, 0.227529307777778, 
0.227529307777778, 0.227529307777778, 0.227529307777778, 0.0728439728, 
0.0728439728, 0.0728439728, 0.0728439728, 0.0728439728, 0.0728439728, 
0.0728439728, 0.0728439728, 0.00229796956888889, 0.00229796956888889, 
0.00229796956888889, 0.00229796956888889, 0.00229796956888889, 
0.00229796956888889, 0.00229796956888889, 0.00229796956888889, 
0.410508183333333, 0.410508183333333, 0.410508183333333, 0.410508183333333, 
0.410508183333333, 0.410508183333333, 0.410508183333333, 0.410508183333333, 
0.197416449444444, 0.197416449444444, 0.197416449444444, 0.197416449444444, 
0.197416449444444, 0.197416449444444, 0.197416449444444, 0.197416449444444, 
0.00697301112888889, 0.00697301112888889, 0.00697301112888889, 
0.00697301112888889, 0.0428461968, 0.0428461968, 0.0428461968, 
0.0428461968, 0.00881505515333333, 0.00881505515333333, 0.00881505515333333, 
0.00881505515333333, 0.250978899555556, 0.250978899555556, 0.250978899555556, 
0.250978899555556, 0.100526951666667, 0.100526951666667, 0.100526951666667, 
0.100526951666667, 0.00373094487777778, 0.00373094487777778, 
0.00373094487777778, 0.00373094487777778, 0.473851830444445, 
0.473851830444445, 0.473851830444445, 0.473851830444445, 0.209229426266667, 
0.209229426266667, 0.209229426266667, 0.209229426266667, 0.00471656888888889, 
0.00471656888888889, 0.0299536964444444, 0.0299536964444444, 
0.00795081468888889, 0.00795081468888889, 0.227436733333333, 
0.227436733333333, 0.0775446819777778, 0.0775446819777778, 0.00268598333333333, 
0.00268598333333333, 0.401495707777778, 0.401495707777778, 0.220002392777778, 
0.220002392777778)
roi <-
c(1L, 1L, 1L, 1L, 2L, 2L, 2L, 2L, 3L, 3L, 3L, 3L, 4L, 4L, 4L, 
4L, 5L, 5L, 5L, 5L, 6L, 6L, 6L, 6L, 7L, 7L, 7L, 7L, 8L, 8L, 8L, 
8L, 1L, 1L, 1L, 1L, 1L, 1L, 1L, 1L, 2L, 2L, 2L, 2L, 2L, 2L, 2L, 
2L, 3L, 3L, 3L, 3L, 3L, 3L, 3L, 3L, 4L, 4L, 4L, 4L, 4L, 4L, 4L, 
4L, 5L, 5L, 5L, 5L, 5L, 5L, 5L, 5L, 6L, 6L, 6L, 6L, 6L, 6L, 6L, 
6L, 7L, 7L, 7L, 7L, 7L, 7L, 7L, 7L, 8L, 8L, 8L, 8L, 8L, 8L, 8L, 
8L, 1L, 1L, 1L, 1L, 2L, 2L, 2L, 2L, 3L, 3L, 3L, 3L, 4L, 4L, 4L, 
4L, 5L, 5L, 5L, 5L, 6L, 6L, 6L, 6L, 7L, 7L, 7L, 7L, 8L, 8L, 8L, 
8L, 1L, 1L, 2L, 2L, 3L, 3L, 4L, 4L, 5L, 5L, 6L, 6L, 7L, 7L, 8L, 
8L)
male <-
c(2L, 2L, 2L, 2L, 2L, 2L, 2L, 2L, 2L, 2L, 2L, 2L, 2L, 2L, 2L, 
2L, 2L, 2L, 2L, 2L, 2L, 2L, 2L, 2L, 2L, 2L, 2L, 2L, 2L, 2L, 2L, 
2L, 3L, 3L, 3L, 3L, 3L, 3L, 3L, 3L, 3L, 3L, 3L, 3L, 3L, 3L, 3L, 
3L, 3L, 3L, 3L, 3L, 3L, 3L, 3L, 3L, 3L, 3L, 3L, 3L, 3L, 3L, 3L, 
3L, 3L, 3L, 3L, 3L, 3L, 3L, 3L, 3L, 3L, 3L, 3L, 3L, 3L, 3L, 3L, 
3L, 3L, 3L, 3L, 3L, 3L, 3L, 3L, 3L, 3L, 3L, 3L, 3L, 3L, 3L, 3L, 
3L, 4L, 4L, 4L, 4L, 4L, 4L, 4L, 4L, 4L, 4L, 4L, 4L, 4L, 4L, 4L, 
4L, 4L, 4L, 4L, 4L, 4L, 4L, 4L, 4L, 4L, 4L, 4L, 4L, 4L, 4L, 4L, 
4L, 1L, 1L, 1L, 1L, 1L, 1L, 1L, 1L, 1L, 1L, 1L, 1L, 1L, 1L, 1L, 
1L)
fem <-
c(3L, 12L, 7L, 11L, 12L, 11L, 3L, 7L, 12L, 11L, 3L, 7L, 7L, 3L, 
12L, 11L, 3L, 12L, 11L, 7L, 12L, 7L, 11L, 3L, 11L, 12L, 7L, 3L, 
12L, 11L, 7L, 3L, 1L, 4L, 8L, 9L, 10L, 6L, 3L, 2L, 9L, 1L, 6L, 
3L, 8L, 2L, 4L, 10L, 8L, 9L, 3L, 1L, 10L, 6L, 4L, 2L, 6L, 1L, 
9L, 3L, 4L, 10L, 2L, 8L, 9L, 3L, 10L, 4L, 8L, 1L, 6L, 2L, 9L, 
6L, 10L, 3L, 8L, 4L, 1L, 2L, 9L, 6L, 10L, 8L, 2L, 3L, 1L, 4L, 
6L, 9L, 3L, 1L, 10L, 4L, 8L, 2L, 6L, 4L, 5L, 1L, 1L, 4L, 6L, 
5L, 6L, 4L, 5L, 1L, 6L, 1L, 4L, 5L, 1L, 6L, 4L, 5L, 4L, 6L, 5L, 
1L, 4L, 6L, 5L, 1L, 5L, 1L, 4L, 6L, 7L, 11L, 11L, 7L, 11L, 7L, 
11L, 7L, 11L, 7L, 11L, 7L, 11L, 7L, 7L, 11L)
nmale <-
4L
nfem <-
12L
nroi <-
8L
roinames <-
c("Body", "DenseFeathers", "Feet", "LowerEyespots", "LowerFishtails", 
"Scales", "UpperEyespots", "UpperFishtails")
eye <-
c(2L, 2L, 1L, 2L, 2L, 2L, 2L, 1L, 2L, 2L, 2L, 1L, 1L, 2L, 2L, 
2L, 2L, 2L, 2L, 1L, 2L, 1L, 2L, 2L, 2L, 2L, 1L, 2L, 2L, 2L, 1L, 
2L, 1L, 1L, 2L, 2L, 2L, 2L, 1L, 2L, 2L, 1L, 2L, 1L, 2L, 2L, 1L, 
2L, 2L, 2L, 1L, 1L, 2L, 2L, 1L, 2L, 2L, 1L, 2L, 1L, 1L, 2L, 2L, 
2L, 2L, 1L, 2L, 1L, 2L, 1L, 2L, 2L, 2L, 2L, 2L, 1L, 2L, 1L, 1L, 
2L, 2L, 2L, 2L, 2L, 2L, 1L, 1L, 1L, 2L, 2L, 1L, 1L, 2L, 1L, 2L, 
2L, 2L, 1L, 2L, 1L, 1L, 1L, 2L, 2L, 2L, 1L, 2L, 1L, 2L, 1L, 1L, 
2L, 1L, 2L, 1L, 2L, 1L, 2L, 2L, 1L, 1L, 2L, 2L, 1L, 2L, 1L, 1L, 
2L, 1L, 2L, 2L, 1L, 2L, 1L, 2L, 1L, 2L, 1L, 2L, 1L, 2L, 1L, 1L, 
2L)
