count <-
c(85L, 366L, 16L, 86L, 32L, 0L, 0L, 0L, 326L, 1070L, 1958L, 313L, 
68L, 791L, 326L, 37L, 0L, 0L, 0L, 0L, 0L, 46L, 390L, 0L, 82L, 
0L, 0L, 9L, 32L, 31L, 0L, 0L, 164L, 536L, 0L, 12L, 166L, 286L, 
144L, 18L, 15L, 0L, 581L, 602L, 21L, 34L, 0L, 0L, 41L, 0L, 29L, 
173L, 216L, 0L, 192L, 728L, 783L, 50L, 778L, 504L, 0L, 15L, 536L, 
83L, 220L, 33L, 468L, 333L, 0L, 0L, 0L, 0L, 0L, 0L, 0L, 0L, 0L, 
0L, 27L, 37L, 0L, 29L, 25L, 0L, 0L, 28L, 0L, 0L, 0L, 0L, 0L, 
30L, 0L, 0L, 9L, 0L, 0L, 0L, 0L, 27L, 175L, 0L, 224L, 94L, 18L, 
6L, 36L, 264L, 344L, 32L, 0L, 0L, 0L, 0L, 0L, 484L, 126L, 369L, 
33L, 0L, 0L, 0L, 0L, 0L, 0L, 0L, 0L, 0L, 0L, 0L, 0L, 0L, 21L, 
94L, 0L, 41L, 0L, 0L, 0L, 22L, 48L, 46L, 88L, 0L, 23L, 36L, 0L, 
0L, 0L, 0L, 6L, 15L, 33L)
ntot <-
c(3792L, 19993L, 820L, 2147L, 19993L, 2147L, 820L, 3792L, 820L, 
3792L, 19993L, 2147L, 820L, 19993L, 3792L, 2147L, 820L, 3792L, 
19993L, 2147L, 820L, 3792L, 19993L, 2147L, 19993L, 2147L, 820L, 
3792L, 19993L, 2147L, 3792L, 820L, 2147L, 19993L, 820L, 3792L, 
3911L, 9301L, 2253L, 810L, 1550L, 779L, 8094L, 5226L, 3911L, 
1550L, 779L, 9301L, 2253L, 810L, 5226L, 8094L, 1550L, 779L, 810L, 
5226L, 3911L, 2253L, 8094L, 9301L, 779L, 810L, 5226L, 1550L, 
8094L, 2253L, 9301L, 3911L, 779L, 8094L, 5226L, 1550L, 2253L, 
810L, 3911L, 9301L, 779L, 5226L, 8094L, 9301L, 2253L, 1550L, 
3911L, 810L, 779L, 1550L, 5226L, 3911L, 810L, 8094L, 2253L, 9301L, 
1550L, 5226L, 8094L, 779L, 9301L, 2253L, 810L, 3911L, 8094L, 
1550L, 9301L, 5226L, 810L, 2253L, 779L, 3911L, 3324L, 639L, 749L, 
3324L, 639L, 749L, 639L, 3324L, 749L, 3324L, 639L, 749L, 3324L, 
639L, 749L, 639L, 3324L, 749L, 3324L, 639L, 749L, 639L, 3324L, 
749L, 639L, 749L, 3324L, 718L, 2219L, 2219L, 718L, 2219L, 718L, 
2219L, 718L, 718L, 2219L, 2219L, 718L, 2219L, 718L, 2219L, 718L, 
2219L, 718L)
pix <-
c(0.0180695172822222, 0.0180695172822222, 0.0180695172822222, 
0.0180695172822222, 0.00954496446, 0.00954496446, 0.00954496446, 
0.00954496446, 0.0564042767777778, 0.0564042767777778, 0.0564042767777778, 
0.0564042767777778, 0.0231258301555556, 0.0231258301555556, 0.0231258301555556, 
0.0231258301555556, 0.0471038570222222, 0.0471038570222222, 0.0471038570222222, 
0.0471038570222222, 0.347666157333333, 0.347666157333333, 0.347666157333333, 
0.347666157333333, 0.125518818177778, 0.125518818177778, 0.125518818177778, 
0.125518818177778, 0.0162460528133333, 0.0162460528133333, 0.0162460528133333, 
0.0162460528133333, 0.0498403539333333, 0.0498403539333333, 0.0498403539333333, 
0.0498403539333333, 0.0289230791555556, 0.0289230791555556, 0.0289230791555556, 
0.0289230791555556, 0.0289230791555556, 0.0289230791555556, 0.0289230791555556, 
0.0289230791555556, 0.0129039399088889, 0.0129039399088889, 0.0129039399088889, 
0.0129039399088889, 0.0129039399088889, 0.0129039399088889, 0.0129039399088889, 
0.0129039399088889, 0.158147325355556, 0.158147325355556, 0.158147325355556, 
0.158147325355556, 0.158147325355556, 0.158147325355556, 0.158147325355556, 
0.158147325355556, 0.0603698153777778, 0.0603698153777778, 0.0603698153777778, 
0.0603698153777778, 0.0603698153777778, 0.0603698153777778, 0.0603698153777778, 
0.0603698153777778, 0.0467176736, 0.0467176736, 0.0467176736, 
0.0467176736, 0.0467176736, 0.0467176736, 0.0467176736, 0.0467176736, 
0.276753249333333, 0.276753249333333, 0.276753249333333, 0.276753249333333, 
0.276753249333333, 0.276753249333333, 0.276753249333333, 0.276753249333333, 
0.114447795755556, 0.114447795755556, 0.114447795755556, 0.114447795755556, 
0.114447795755556, 0.114447795755556, 0.114447795755556, 0.114447795755556, 
0.0179080000177778, 0.0179080000177778, 0.0179080000177778, 0.0179080000177778, 
0.0179080000177778, 0.0179080000177778, 0.0179080000177778, 0.0179080000177778, 
0.0744449922, 0.0744449922, 0.0744449922, 0.0744449922, 0.0744449922, 
0.0744449922, 0.0744449922, 0.0744449922, 0.0254537726888889, 
0.0254537726888889, 0.0254537726888889, 0.00723131333333333, 
0.00723131333333333, 0.00723131333333333, 0.0828726555777778, 
0.0828726555777778, 0.0828726555777778, 0.0447659115333333, 0.0447659115333333, 
0.0447659115333333, 0.0515561847333333, 0.0515561847333333, 0.0515561847333333, 
0.380246233111111, 0.380246233111111, 0.380246233111111, 0.165877209711111, 
0.165877209711111, 0.165877209711111, 0.0200122338111111, 0.0200122338111111, 
0.0200122338111111, 0.0568700444444444, 0.0568700444444444, 0.0568700444444444, 
0.0189931515311111, 0.0189931515311111, 0.00825299463333333, 
0.00825299463333333, 0.100657496711111, 0.100657496711111, 0.0470103465777778, 
0.0470103465777778, 0.0444463970888889, 0.0444463970888889, 0.381869799111111, 
0.381869799111111, 0.143135880311111, 0.143135880311111, 0.0197200351733333, 
0.0197200351733333, 0.0500366305555556, 0.0500366305555556)
roi <-
c(1L, 1L, 1L, 1L, 2L, 2L, 2L, 2L, 3L, 3L, 3L, 3L, 4L, 4L, 4L, 
4L, 5L, 5L, 5L, 5L, 6L, 6L, 6L, 6L, 7L, 7L, 7L, 7L, 8L, 8L, 8L, 
8L, 9L, 9L, 9L, 9L, 1L, 1L, 1L, 1L, 1L, 1L, 1L, 1L, 2L, 2L, 2L, 
2L, 2L, 2L, 2L, 2L, 3L, 3L, 3L, 3L, 3L, 3L, 3L, 3L, 4L, 4L, 4L, 
4L, 4L, 4L, 4L, 4L, 5L, 5L, 5L, 5L, 5L, 5L, 5L, 5L, 6L, 6L, 6L, 
6L, 6L, 6L, 6L, 6L, 7L, 7L, 7L, 7L, 7L, 7L, 7L, 7L, 8L, 8L, 8L, 
8L, 8L, 8L, 8L, 8L, 9L, 9L, 9L, 9L, 9L, 9L, 9L, 9L, 1L, 1L, 1L, 
2L, 2L, 2L, 3L, 3L, 3L, 4L, 4L, 4L, 5L, 5L, 5L, 6L, 6L, 6L, 7L, 
7L, 7L, 8L, 8L, 8L, 9L, 9L, 9L, 1L, 1L, 2L, 2L, 3L, 3L, 4L, 4L, 
5L, 5L, 6L, 6L, 7L, 7L, 8L, 8L, 9L, 9L)
male <-
c(2L, 2L, 2L, 2L, 2L, 2L, 2L, 2L, 2L, 2L, 2L, 2L, 2L, 2L, 2L, 
2L, 2L, 2L, 2L, 2L, 2L, 2L, 2L, 2L, 2L, 2L, 2L, 2L, 2L, 2L, 2L, 
2L, 2L, 2L, 2L, 2L, 3L, 3L, 3L, 3L, 3L, 3L, 3L, 3L, 3L, 3L, 3L, 
3L, 3L, 3L, 3L, 3L, 3L, 3L, 3L, 3L, 3L, 3L, 3L, 3L, 3L, 3L, 3L, 
3L, 3L, 3L, 3L, 3L, 3L, 3L, 3L, 3L, 3L, 3L, 3L, 3L, 3L, 3L, 3L, 
3L, 3L, 3L, 3L, 3L, 3L, 3L, 3L, 3L, 3L, 3L, 3L, 3L, 3L, 3L, 3L, 
3L, 3L, 3L, 3L, 3L, 3L, 3L, 3L, 3L, 3L, 3L, 3L, 3L, 4L, 4L, 4L, 
4L, 4L, 4L, 4L, 4L, 4L, 4L, 4L, 4L, 4L, 4L, 4L, 4L, 4L, 4L, 4L, 
4L, 4L, 4L, 4L, 4L, 4L, 4L, 4L, 1L, 1L, 1L, 1L, 1L, 1L, 1L, 1L, 
1L, 1L, 1L, 1L, 1L, 1L, 1L, 1L, 1L, 1L)
fem <-
c(11L, 10L, 6L, 2L, 10L, 2L, 6L, 11L, 6L, 11L, 10L, 2L, 6L, 10L, 
11L, 2L, 6L, 11L, 10L, 2L, 6L, 11L, 10L, 2L, 10L, 2L, 6L, 11L, 
10L, 2L, 11L, 6L, 2L, 10L, 6L, 11L, 1L, 2L, 3L, 9L, 7L, 10L, 
5L, 8L, 1L, 7L, 10L, 2L, 3L, 9L, 8L, 5L, 7L, 10L, 9L, 8L, 1L, 
3L, 5L, 2L, 10L, 9L, 8L, 7L, 5L, 3L, 2L, 1L, 10L, 5L, 8L, 7L, 
3L, 9L, 1L, 2L, 10L, 8L, 5L, 2L, 3L, 7L, 1L, 9L, 10L, 7L, 8L, 
1L, 9L, 5L, 3L, 2L, 7L, 8L, 5L, 10L, 2L, 3L, 9L, 1L, 5L, 7L, 
2L, 8L, 9L, 3L, 10L, 1L, 3L, 1L, 4L, 3L, 1L, 4L, 1L, 3L, 4L, 
3L, 1L, 4L, 3L, 1L, 4L, 1L, 3L, 4L, 3L, 1L, 4L, 1L, 3L, 4L, 1L, 
4L, 3L, 6L, 10L, 10L, 6L, 10L, 6L, 10L, 6L, 6L, 10L, 10L, 6L, 
10L, 6L, 10L, 6L, 10L, 6L)
nmale <-
4L
nfem <-
11L
nroi <-
9L
roinames <-
c("DenseFeathers", "Legs", "LowerEyespots", "LowerFishtails", 
"Tail", "UpperEyespots", "UpperFishtails", "WhiteFeathers", "Wings"
)
eye <-
integer(0)
